270 5 SimPeriod, Observation Interval, NB of Observations, weight factor for this count 
1 897722 54 0 0 0 0 0 0 41 41 41 41 41 41 42 43 44 45 46 47 48 49 50 51 52 53 53 53 53 53 54 54 54 54 54 55 55 55 54 53 53 52 51 50 50 49 48 47 46 46 46 46 46 46 46 46 5
2 897721 54 0 0 0 0 0 0 33 33 33 33 33 33 34 36 38 40 42 44 46 48 50 52 54 56 55 54 54 53 52 51 51 50 49 48 47 47 46 45 44 43 42 42 41 40 39 38 37 36 36 36 36 36 36 36 5
3 894601 54 0 0 0 0 0 0 12 12 12 12 12 12 13 13 13 13 14 14 14 14 15 15 15 16 16 16 16 16 16 16 16 16 17 17 17 17 16 16 16 15 15 14 14 14 13 13 12 12 12 12 12 12 12 12 5
4 894602 54 0 0 0 0 0 0 10 10 10 10 10 10 10 11 11 12 13 13 14 14 15 16 16 17 16 16 16 15 15 14 14 14 13 13 12 12 11 11 11 10 10 9 9 9 8 8 7 7 7 7 7 7 7 7 5
5 1050941 54 0 0 0 0 0 0 47 47 47 47 47 47 47 47 46 46 46 45 45 45 45 44 44 44 43 43 43 43 42 42 42 42 41 41 41 41 40 39 38 37 36 35 34 33 32 31 31 30 30 30 30 30 30 30 5
6 1050942 54 0 0 0 0 0 0 33 33 33 33 33 33 34 34 35 35 36 36 37 37 38 38 39 40 39 38 37 36 35 34 33 32 31 30 30 29 29 29 30 30 30 31 31 31 32 32 32 33 33 33 33 33 33 33 5
7 887952 54 0 0 0 0 0 0 58 58 58 58 58 58 58 58 57 57 57 57 56 56 56 55 55 55 55 55 54 54 54 54 54 54 53 53 53 53 52 51 50 49 48 47 46 45 44 43 42 41 41 41 41 41 41 41 5
8 887951 54 0 0 0 0 0 0 63 63 63 63 63 63 62 61 61 60 59 59 58 57 57 56 55 55 54 53 52 51 50 49 48 47 46 45 44 43 44 46 47 48 50 51 53 54 55 57 58 59 59 59 59 59 59 59 5
9 809022 54 0 0 0 0 0 0 39 39 39 39 39 39 39 39 38 38 38 38 38 38 38 38 38 38 38 38 38 38 38 38 38 38 38 38 38 38 38 38 38 38 38 38 38 38 38 37 37 37 37 37 37 37 37 37 5
10 809021 54 0 0 0 0 0 0 43 43 43 43 43 43 43 42 42 42 41 41 40 40 39 39 39 38 38 38 38 38 38 38 38 38 38 37 37 37 37 37 36 36 36 36 35 35 35 35 34 34 34 34 34 34 34 34 5
11 933052 54 0 0 0 0 0 0 162 162 162 162 162 162 162 162 161 161 161 161 161 161 161 160 160 160 160 160 160 160 160 160 160 160 160 160 160 160 159 158 156 155 154 152 151 149 148 147 145 144 144 144 144 144 144 144 5
12 987541 54 0 0 0 0 0 0 93 93 93 93 93 93 99 106 112 119 125 132 138 145 151 158 164 170 169 168 166 165 164 162 161 159 158 157 155 154 148 141 135 129 123 117 111 104 98 92 86 80 80 80 80 80 80 80 5
13 996721 54 0 0 0 0 0 0 100 100 100 100 100 100 100 100 100 100 99 99 99 99 99 98 98 98 99 99 100 100 100 101 101 102 102 103 103 104 101 99 96 93 91 88 86 83 81 78 75 73 73 73 73 73 73 73 5
14 794932 54 0 0 0 0 0 0 117 117 117 117 117 117 116 115 114 113 113 112 111 110 109 108 107 106 103 101 98 95 93 90 88 85 83 80 77 75 77 80 83 85 88 90 93 95 98 101 103 106 106 106 106 106 106 106 5
15 863782 54 0 0 0 0 0 0 30 30 30 30 30 30 30 31 32 32 33 33 34 34 35 35 36 37 37 37 37 37 38 38 38 38 39 39 39 39 38 37 35 34 33 31 30 29 27 26 25 23 23 23 23 23 23 23 5
16 863781 54 0 0 0 0 0 0 40 40 40 40 40 40 40 40 40 40 39 39 39 39 39 39 39 38 37 36 34 33 32 30 29 28 26 25 24 22 24 26 28 30 32 34 36 38 40 41 43 45 45 45 45 45 45 45 5
17 947892 54 0 0 0 0 0 0 88 88 88 88 88 88 91 94 98 101 104 107 110 112 112 112 112 112 112 112 112 112 112 112 112 112 112 112 112 112 112 112 112 112 112 112 112 112 112 112 111 108 108 108 108 108 108 108 5
18 947891 54 0 0 0 0 0 0 56 56 56 56 56 56 63 70 78 85 92 100 107 112 112 112 112 112 112 112 112 112 112 112 112 112 112 112 112 112 107 101 96 90 84 79 73 68 62 56 51 45 45 45 45 45 45 45 5
19 761711 54 0 0 0 0 0 0 97 97 97 97 97 97 98 100 102 104 106 108 110 112 114 116 118 119 120 121 121 122 122 123 124 124 125 125 126 127 125 124 122 121 120 118 117 116 114 113 112 110 110 110 110 110 110 110 5
20 825011 54 0 0 0 0 0 0 108 108 108 108 108 108 110 112 114 115 117 119 121 122 124 126 128 130 128 127 125 124 123 121 120 119 117 116 115 113 111 109 107 105 103 101 99 97 95 93 91 90 90 90 90 90 90 90 5
21 1050762 54 0 0 0 0 0 0 59 59 59 59 59 59 60 62 63 65 66 68 69 70 72 73 75 76 76 76 76 76 76 76 76 76 76 76 76 76 74 71 69 67 64 62 59 57 55 52 50 48 48 48 48 48 48 48 5
22 1050761 54 0 0 0 0 0 0 25 25 25 25 25 25 29 34 38 42 46 51 55 59 63 68 72 76 74 71 69 67 64 62 59 57 55 52 50 48 45 43 41 38 36 33 31 29 26 24 21 19 19 19 19 19 19 19 5
23 863782 54 0 0 0 0 0 0 30 30 30 30 30 30 30 31 32 32 33 33 34 34 35 35 36 37 37 37 37 37 38 38 38 38 39 39 39 39 38 37 35 34 33 31 30 29 27 26 25 23 23 23 23 23 23 23 5
24 863781 54 0 0 0 0 0 0 40 40 40 40 40 40 40 40 40 40 39 39 39 39 39 39 39 38 37 36 34 33 32 30 29 28 26 25 24 22 24 26 28 30 32 34 36 38 40 41 43 45 45 45 45 45 45 45 5
25 923422 54 0 0 0 0 0 0 90 90 90 90 90 90 90 91 91 91 91 91 92 92 92 92 92 93 93 92 92 92 92 92 92 91 91 91 91 91 89 87 86 84 82 80 79 77 75 73 72 70 70 70 70 70 70 70 5
26 820101 54 0 0 0 0 0 0 83 83 83 83 83 83 83 84 84 85 85 86 86 87 87 88 88 89 87 85 84 82 80 78 77 75 73 71 70 68 68 67 67 67 67 67 66 66 66 66 66 65 65 65 65 65 65 65 5
27 943022 54 0 0 0 0 0 0 154 154 154 154 154 154 154 155 156 157 158 159 160 161 162 162 163 164 164 163 163 162 162 161 161 161 160 160 159 159 155 151 148 144 140 136 133 129 125 122 118 114 114 114 114 114 114 114 5
28 834861 54 0 0 0 0 0 0 114 114 114 114 114 114 117 121 124 128 131 135 138 142 145 149 152 156 152 148 145 141 137 133 130 126 122 119 115 111 111 112 112 112 112 113 113 113 113 114 114 114 114 114 114 114 114 114 5
29 1042841 54 0 0 0 0 0 0 52 52 52 52 52 52 53 55 56 57 58 59 61 62 63 64 65 67 67 66 66 66 66 66 66 66 65 65 65 65 62 60 57 55 52 49 47 44 41 39 36 33 33 33 33 33 33 33 5
30 1042842 54 0 0 0 0 0 0 41 41 41 41 41 41 43 45 47 49 51 53 55 57 58 60 62 64 61 59 56 54 51 48 46 43 40 38 35 32 33 33 33 33 34 34 34 35 35 35 35 36 36 36 36 36 36 36 5
31 1036342 54 0 0 0 0 0 0 20 20 20 20 20 20 20 20 19 19 19 19 18 18 18 18 17 17 17 17 17 17 17 16 16 16 16 16 16 16 15 15 15 15 15 15 15 14 14 14 14 14 14 14 14 14 14 14 5
32 1036341 54 0 0 0 0 0 0 54 54 54 54 54 54 51 48 45 42 39 36 33 30 27 24 21 18 17 17 17 17 17 17 17 16 16 16 16 16 20 24 27 31 35 39 43 47 51 54 58 62 62 62 62 62 62 62 5
33 839751 54 0 0 0 0 0 0 72 72 72 72 72 72 72 72 73 73 73 73 73 74 74 74 74 74 74 74 73 73 73 73 72 72 72 71 71 71 70 69 69 68 68 67 66 66 65 64 64 63 63 63 63 63 63 63 5
34 839752 54 0 0 0 0 0 0 39 39 39 39 39 39 42 45 48 51 54 57 60 63 66 69 72 75 74 73 73 72 72 71 70 70 69 68 68 67 64 62 59 57 54 52 49 47 44 42 39 37 37 37 37 37 37 37 5
35 1050632 54 0 0 0 0 0 0 25 25 25 25 25 25 25 25 25 25 25 25 25 25 25 25 25 25 25 25 25 25 25 25 25 25 25 25 25 26 25 24 24 23 22 22 21 20 20 19 18 18 18 18 18 18 18 18 5
36 805241 54 0 0 0 0 0 0 29 29 29 29 29 29 28 28 27 27 27 26 26 25 25 24 24 24 23 22 22 21 20 20 19 18 18 17 16 16 18 20 22 24 26 28 30 32 34 36 38 40 40 40 40 40 40 40 5
37 835221 54 0 0 0 0 0 0 85 85 85 85 85 85 87 89 92 94 97 99 101 104 106 109 111 114 116 118 120 123 125 127 130 132 134 137 139 141 137 134 130 126 122 119 115 111 107 103 100 96 96 96 96 96 96 96 5
38 1045941 54 0 0 0 0 0 0 83 83 83 83 83 83 88 93 98 103 108 113 118 123 128 133 138 143 139 136 132 128 124 121 117 113 109 105 102 98 96 94 92 91 89 87 85 84 82 80 78 77 77 77 77 77 77 77 5
39 913491 54 0 0 0 0 0 0 119 119 119 119 119 119 119 120 121 122 122 123 124 125 125 126 127 128 128 128 128 128 128 128 128 128 128 128 128 128 125 122 119 116 113 110 108 105 102 99 96 93 93 93 93 93 93 93 5
40 982511 54 0 0 0 0 0 0 165 165 165 165 165 165 163 160 157 154 151 149 146 143 140 137 135 132 129 126 123 120 117 114 112 109 106 103 100 97 101 104 108 112 116 119 123 127 131 134 138 142 142 142 142 142 142 142 5
41 913182 54 0 0 0 0 0 0 77 77 77 77 77 77 77 77 78 78 78 79 79 79 80 80 80 81 81 81 81 81 80 80 80 80 80 80 80 80 79 78 77 76 75 74 73 72 71 70 69 68 68 68 68 68 68 68 5
42 913181 54 0 0 0 0 0 0 54 54 54 54 54 54 56 58 61 63 65 67 69 72 74 76 78 80 79 78 77 76 75 74 73 72 71 70 69 68 67 67 66 65 64 64 63 62 62 61 60 60 60 60 60 60 60 60 5
43 1017452 54 0 0 0 0 0 0 68 68 68 68 68 68 68 69 69 70 70 70 71 71 72 72 72 73 73 73 73 74 74 74 74 74 75 75 75 75 75 74 73 72 72 71 70 70 69 68 67 67 67 67 67 67 67 67 5
44 1017451 54 0 0 0 0 0 0 53 53 53 53 53 53 55 57 59 61 63 65 67 69 71 72 74 76 76 75 74 73 73 72 71 71 70 69 68 68 66 65 64 63 62 61 59 58 57 56 55 54 54 54 54 54 54 54 5
45 972111 54 0 0 0 0 0 0 55 55 55 55 55 55 56 56 56 57 57 58 58 59 59 60 60 61 62 63 64 65 66 67 68 69 70 71 72 73 71 70 68 66 65 63 62 60 58 57 55 54 54 54 54 54 54 54 5
46 972112 54 0 0 0 0 0 0 45 45 45 45 45 45 48 50 53 55 57 60 62 64 67 69 71 74 72 71 69 67 66 64 63 61 59 58 56 55 53 52 50 49 48 46 45 43 42 41 39 38 38 38 38 38 38 38 5
47 761171 54 0 0 0 0 0 0 86 86 86 86 86 86 87 87 87 87 87 88 88 88 88 88 88 89 89 89 90 90 90 91 91 92 92 92 93 93 92 92 91 90 90 89 88 88 87 86 86 85 85 85 85 85 85 85 5
48 1192752 54 0 0 0 0 0 0 126 126 126 126 126 126 123 120 117 114 111 108 105 102 99 96 93 90 89 89 88 87 87 86 85 85 84 83 83 82 85 89 92 95 99 102 105 109 112 116 119 122 122 122 122 122 122 122 5
49 879612 54 0 0 0 0 0 0 104 104 104 104 104 104 108 111 115 118 122 126 129 133 136 140 144 147 148 149 150 151 152 152 153 154 155 156 157 158 158 159 160 160 161 162 162 163 163 164 165 165 165 165 165 165 165 165 5
50 905381 54 0 0 0 0 0 0 85 85 85 85 85 85 90 96 102 107 113 119 124 130 136 141 147 153 153 154 155 155 156 157 157 158 158 159 160 160 155 149 144 138 132 127 121 116 110 105 99 93 93 93 93 93 93 93 5
51 1023472 54 0 0 0 0 0 0 48 48 48 48 48 48 50 51 53 54 56 57 59 60 62 63 65 66 67 68 69 70 71 72 73 74 75 75 76 77 77 76 76 76 75 75 74 74 73 73 73 72 72 72 72 72 72 72 5
52 856681 54 0 0 0 0 0 0 69 69 69 69 69 69 70 70 71 72 72 73 74 74 75 76 77 77 77 76 76 76 75 75 74 74 73 73 73 72 69 66 64 61 58 55 52 49 46 43 40 37 37 37 37 37 37 37 5
53 751862 54 0 0 0 0 0 0 232 232 232 232 232 232 233 233 234 235 236 237 238 238 239 240 241 242 245 248 251 254 257 259 262 265 268 271 274 277 272 266 261 256 250 245 240 234 229 223 218 213 213 213 213 213 213 213 5
54 858951 54 0 0 0 0 0 0 298 284 302 306 314 328 331 330 329 325 310 301 294 274 282 278 280 261 262 269 273 276 280 296 272 300 290 277 287 311 258 282 251 259 275 290 242 224 241 269 261 297 275 283 319 360 334 317 10
55 922472 54 0 0 0 0 0 0 430 428 459 453 475 447 484 444 398 421 398 346 342 361 335 341 301 317 307 353 307 300 321 307 289 318 304 277 290 306 284 281 298 266 314 280 285 290 254 308 287 291 293 331 310 312 320 336 10
56 907341 54 0 0 0 0 0 0 538 552 573 602 606 570 567 568 573 532 505 529 514 514 491 510 539 547 544 534 528 513 521 512 489 498 499 510 511 497 496 519 503 483 506 514 505 523 519 525 550 564 576 571 546 517 502 500 10
57 907372 54 0 0 0 0 0 0 294 290 298 305 313 313 321 350 332 354 331 340 330 336 350 333 364 351 362 373 358 364 367 364 371 372 392 397 406 404 361 382 373 374 343 367 348 341 353 339 326 312 322 308 283 265 307 284 10
58 927361 54 0 0 0 0 0 0 288 294 302 313 298 311 324 299 329 328 315 321 297 306 297 339 325 318 344 321 353 344 352 331 334 333 350 340 356 337 349 352 342 350 360 343 333 331 334 344 344 331 337 327 319 318 306 252 10
59 991612 54 0 0 0 0 0 0 340 357 355 368 364 368 368 368 368 368 368 368 368 359 365 368 368 368 350 357 363 356 336 341 325 341 368 361 356 338 337 351 345 336 325 330 341 320 328 329 304 326 321 309 324 313 309 304 10
60 770701 54 0 0 0 0 0 0 331 331 352 322 344 338 358 339 324 324 323 309 334 326 290 317 284 306 282 312 281 297 303 304 296 295 321 301 293 290 297 262 276 279 285 275 307 309 287 289 302 312 306 303 299 310 284 292 10
61 755732 54 0 0 0 0 0 0 354 345 354 358 361 355 370 393 392 373 366 363 354 379 383 379 387 386 388 412 415 422 413 415 429 450 460 476 479 480 445 477 461 448 455 438 453 437 449 433 443 447 455 440 435 433 425 444 10
62 843611 54 0 0 0 0 0 0 392 378 378 364 383 374 363 381 366 384 352 375 354 360 355 355 339 345 326 333 320 337 297 318 326 348 350 352 373 370 335 346 335 356 364 348 343 352 351 331 329 323 334 355 325 322 307 316 10
63 897301 54 0 0 0 0 0 0 365 362 404 384 405 411 439 414 425 410 421 419 411 433 435 453 458 458 483 459 478 467 462 459 484 448 450 470 476 473 464 466 457 471 491 498 488 496 477 476 494 507 491 509 484 488 491 428 10
64 957472 54 0 0 0 0 0 0 508 526 531 542 501 429 399 361 454 488 459 365 408 458 402 422 370 442 463 427 415 361 452 481 473 483 461 478 469 480 471 479 467 462 481 470 474 456 457 472 492 486 483 505 500 503 508 493 10
65 829702 54 0 0 0 0 0 0 446 431 386 380 336 384 363 347 361 329 306 304 358 338 302 324 269 281 291 238 328 227 272 210 181 236 150 369 333 413 370 396 412 361 371 388 387 363 361 407 410 367 384 372 381 363 396 411 10
66 981932 54 0 0 0 0 0 0 525 535 572 562 559 530 541 558 525 531 524 511 491 529 509 513 490 463 467 481 526 525 519 526 523 524 510 521 533 541 543 538 558 540 518 497 534 517 519 526 518 502 488 484 463 458 445 446 10
67 868111 54 0 0 0 0 0 0 156 165 160 159 167 155 158 162 157 165 150 136 137 144 137 140 136 147 142 136 140 140 142 133 142 148 146 150 159 157 157 148 155 150 147 138 150 135 135 146 137 131 128 138 128 126 131 137 10
68 834771 54 0 0 0 0 0 0 404 425 426 429 442 452 457 469 490 479 494 502 482 517 562 532 502 505 490 517 551 542 547 562 569 584 543 548 580 576 579 570 571 570 549 522 530 518 515 518 543 517 504 504 479 484 460 437 10
69 760862 54 0 0 0 0 0 0 354 347 350 355 368 364 359 356 360 360 349 354 363 357 354 373 345 355 367 366 367 393 380 368 362 380 398 401 381 401 410 414 411 393 394 402 381 393 406 387 399 385 363 382 376 370 360 373 10
70 1011131 54 0 0 0 0 0 0 446 436 484 503 502 503 490 487 475 522 498 507 480 539 505 502 524 517 526 510 515 560 560 574 559 576 580 579 567 537 557 552 561 599 610 608 619 625 614 657 662 614 584 574 559 523 528 513 10
71 824982 54 0 0 0 0 0 0 91 110 110 112 117 112 129 125 125 139 134 127 127 128 131 120 123 111 110 128 125 114 119 122 112 137 125 123 134 137 133 132 128 120 125 118 112 111 107 115 101 101 99 93 82 87 76 66 10
72 863981 54 0 0 0 0 0 0 115 122 122 128 135 146 139 141 133 136 142 124 133 132 147 141 142 130 126 133 154 151 146 152 154 147 165 166 164 171 175 168 170 167 162 159 163 161 149 162 146 144 131 133 124 124 117 113 10
73 1050102 54 0 0 0 0 0 0 183 197 188 194 210 206 204 211 217 203 207 192 192 208 217 212 212 207 205 222 221 239 233 235 240 244 268 299 319 296 301 299 277 267 256 247 252 228 223 235 213 210 202 209 184 193 187 183 10
74 804571 54 0 0 0 0 0 0 346 340 371 363 377 385 394 422 413 415 419 409 407 416 427 419 433 429 433 415 417 421 405 416 418 412 423 416 426 422 388 409 424 408 394 402 401 393 377 390 381 373 365 364 359 349 327 305 10
75 848212 54 0 0 0 0 0 0 204 224 226 239 251 260 253 268 279 275 280 271 274 278 277 284 285 292 282 279 276 278 275 264 273 276 283 275 271 293 262 271 274 272 275 270 265 276 257 251 264 248 238 241 228 227 223 206 10
76 897062 54 0 0 0 0 0 0 130 122 122 137 130 131 143 146 127 138 128 127 126 138 142 136 137 143 133 138 146 155 152 151 151 167 181 189 185 182 169 170 179 162 151 164 151 150 161 142 142 133 137 125 130 123 133 121 10
77 750741 54 0 0 0 0 0 0 234 270 245 275 269 285 293 316 313 333 312 305 312 307 299 321 310 296 292 317 300 302 296 294 294 320 325 315 310 309 300 300 305 287 300 300 283 295 283 270 277 260 264 255 252 244 234 229 10
78 1006461 54 0 0 0 0 0 0 132 136 141 153 154 154 150 150 153 151 158 144 144 148 163 165 167 160 154 154 163 180 181 168 164 164 176 193 197 188 189 193 183 175 173 161 157 152 152 148 145 149 145 138 139 127 122 117 10
79 770751 54 0 0 0 0 0 0 184 192 208 213 234 225 235 251 261 261 267 285 266 258 256 258 247 253 248 255 258 253 253 252 243 246 259 267 261 241 254 246 245 229 227 223 206 211 210 210 181 188 192 187 175 179 162 160 10
80 982031 54 0 0 0 0 0 0 18 19 22 23 23 18 19 19 19 21 23 21 20 21 20 22 24 21 19 23 26 20 24 17 19 19 20 23 24 23 19 22 20 21 23 17 15 17 18 18 18 20 16 18 19 16 16 12 10
81 853211 54 0 0 0 0 0 0 72 82 91 88 93 92 108 108 110 104 106 103 111 106 114 112 119 116 102 118 121 122 126 103 114 115 121 140 129 122 112 113 133 112 97 86 91 81 87 86 71 73 67 76 69 65 61 49 10
82 791221 54 0 0 0 0 0 0 173 175 182 189 180 181 173 180 184 190 190 184 178 175 193 197 200 179 197 202 195 194 197 191 190 195 221 222 219 214 219 232 210 199 194 187 161 173 167 173 165 162 156 148 151 151 128 133 10
83 848252 54 0 0 0 0 0 0 198 194 210 224 226 252 243 279 286 285 300 302 290 297 307 304 311 304 270 284 283 287 263 286 257 264 295 288 297 296 293 284 263 274 259 236 223 241 237 226 231 225 200 195 202 181 188 174 10
84 967151 54 0 0 0 0 0 0 111 114 121 108 119 113 119 120 126 127 119 131 125 129 142 145 138 139 137 143 145 144 133 140 132 148 149 148 151 142 137 142 137 126 119 119 116 115 119 108 110 101 99 90 96 98 90 86 10
85 923582 54 0 0 0 0 0 0 52 48 48 53 49 59 62 61 70 64 78 73 84 84 90 91 90 90 70 86 92 84 88 79 84 77 90 91 85 74 67 75 70 71 58 60 55 55 48 49 42 43 35 33 37 32 32 29 10
86 973222 54 0 0 0 0 0 0 176 190 195 194 196 200 189 182 198 192 191 187 182 186 188 193 192 193 173 200 192 208 205 183 192 203 200 212 233 221 205 218 245 224 216 204 210 187 197 187 194 192 165 182 159 171 156 154 10
87 1044531 54 0 0 0 0 0 0 389 421 439 475 485 493 515 535 531 522 528 524 540 553 548 532 516 536 542 547 526 524 524 477 516 517 536 514 528 525 536 532 517 496 512 524 526 526 525 513 491 488 475 467 437 445 410 393 10
88 863122 54 0 0 0 0 0 0 167 180 193 198 206 217 237 229 229 244 243 248 245 251 265 256 253 263 257 264 260 239 280 287 277 263 288 302 291 274 288 249 280 291 288 267 259 269 265 265 240 241 240 233 219 217 203 182 10
89 932892 54 0 0 0 0 0 0 231 258 273 299 304 317 314 317 303 272 250 259 230 233 230 204 203 180 176 210 188 164 181 174 176 172 166 151 167 175 155 151 155 186 171 138 145 171 155 153 147 174 150 181 175 199 183 187 10
90 907442 54 0 0 0 0 0 0 117 132 122 125 125 132 131 130 149 146 148 161 149 160 160 173 171 169 178 170 181 172 173 180 170 181 182 177 185 176 186 182 183 185 178 183 165 160 161 157 151 156 165 172 159 150 143 156 10
91 1050162 54 0 0 0 0 0 0 431 444 490 516 508 497 524 492 490 499 410 407 448 446 416 420 468 454 414 396 407 444 416 399 343 419 410 412 456 430 448 420 429 447 447 437 421 425 407 406 395 387 376 399 388 347 394 388 10
92 843511 54 0 0 0 0 0 0 282 296 302 300 302 329 322 343 360 373 364 375 370 418 421 451 440 458 458 476 472 483 461 451 470 480 492 487 508 492 473 466 496 467 473 488 480 445 460 449 446 440 405 420 402 364 348 356 10
93 991832 54 0 0 0 0 0 0 404 430 454 488 479 489 480 473 467 478 458 440 432 409 322 375 388 364 380 416 383 392 389 377 370 426 391 366 380 422 380 403 431 425 402 398 354 375 397 358 336 331 344 327 324 311 282 282 10
94 1045071 54 0 0 0 0 0 0 291 317 322 329 339 335 344 371 375 382 390 394 403 415 443 450 452 426 411 427 425 451 451 433 434 457 449 456 448 402 390 432 459 456 443 397 378 423 387 416 435 384 359 410 411 355 330 349 10
95 804632 54 0 0 0 0 0 0 258 276 281 275 284 276 274 271 277 256 268 245 252 232 243 227 228 223 211 226 223 223 239 235 225 227 242 228 252 241 250 247 238 233 224 225 216 215 205 214 215 204 191 191 172 173 180 171 10
96 987962 54 0 0 0 0 0 0 295 329 350 354 360 336 349 335 357 351 349 326 310 316 265 284 221 292 262 204 239 229 247 232 282 191 224 244 199 237 260 243 196 248 191 249 256 255 252 267 311 271 328 315 303 294 302 303 10
97 771651 54 0 0 0 0 0 0 251 264 263 266 266 272 264 256 266 245 258 239 240 233 237 225 232 227 222 231 231 228 227 221 223 221 227 243 254 248 244 249 240 226 230 230 218 198 211 203 212 196 181 185 167 184 167 176 10
98 971831 54 0 0 0 0 0 0 570 583 658 689 673 687 649 642 599 562 499 452 356 449 416 353 331 356 380 408 483 379 355 402 345 434 429 429 391 416 396 411 481 438 485 486 560 607 664 703 638 627 610 650 635 625 607 600 10
99 883041 54 0 0 0 0 0 0 227 231 234 244 257 232 233 230 260 256 261 254 263 245 235 249 245 226 241 238 242 254 229 229 241 237 250 252 271 259 268 243 246 247 243 239 228 210 212 217 207 202 188 178 173 168 163 160 10
100 918551 54 0 0 0 0 0 0 322 312 327 339 332 319 320 340 330 327 326 323 316 322 338 326 325 324 332 300 325 323 331 328 330 318 329 334 335 337 333 337 343 335 333 334 343 341 340 324 316 323 319 319 314 293 277 256 10
101 805072 54 0 0 0 0 0 0 186 196 203 189 191 203 198 209 202 202 227 204 204 234 236 242 226 233 216 221 234 250 240 241 243 252 282 303 294 291 278 277 267 252 245 223 202 205 196 197 170 158 153 144 134 125 123 128 10
102 858291 54 0 0 0 0 0 0 237 252 250 269 272 301 310 323 322 310 319 330 325 326 326 334 328 325 321 335 322 320 318 331 321 335 310 323 315 337 317 318 325 336 315 336 304 320 292 303 301 299 279 278 262 252 247 223 10
103 857911 54 0 0 0 0 0 0 283 283 295 304 324 325 329 360 360 361 360 355 345 358 371 380 366 365 362 351 373 382 369 389 356 365 368 371 395 406 404 388 396 386 392 381 379 384 373 379 354 335 318 291 288 254 262 242 10
104 839331 54 0 0 0 0 0 0 204 205 214 201 224 215 220 222 213 221 216 236 206 214 223 214 215 208 200 216 216 226 207 210 206 206 215 234 236 232 233 220 220 228 228 211 221 216 206 202 205 187 184 192 184 195 161 154 10
105 967962 54 0 0 0 0 0 0 370 405 411 434 436 447 447 473 473 480 474 463 464 487 497 495 487 476 481 492 502 517 504 503 465 471 509 537 545 548 546 541 526 531 524 522 521 513 530 506 485 463 440 425 387 380 362 316 10
106 819552 54 0 0 0 0 0 0 272 272 279 299 281 286 286 301 301 292 304 298 281 299 281 292 285 280 272 285 275 294 299 276 283 268 288 310 317 312 306 311 307 293 310 291 277 283 277 266 273 250 251 241 255 247 241 207 10
107 751031 54 0 0 0 0 0 0 293 294 322 319 322 325 321 365 365 351 346 339 350 354 371 379 361 348 363 390 402 412 400 393 325 352 397 427 428 410 415 433 451 439 410 412 413 412 428 408 380 364 314 281 290 301 270 265 10
108 897352 54 0 0 0 0 0 0 201 210 213 208 193 203 206 215 219 223 207 207 202 211 203 201 208 192 210 194 205 206 203 201 192 188 213 208 223 222 218 231 209 217 207 208 197 197 198 181 193 189 182 175 180 177 175 157 10
109 977672 54 0 0 0 0 0 0 454 474 466 466 454 453 482 460 459 476 454 455 465 460 465 464 451 461 433 425 428 454 410 435 414 437 433 448 418 385 358 397 398 402 399 409 409 380 370 395 383 395 407 393 372 356 372 353 10
110 1012801 54 0 0 0 0 0 0 375 371 398 399 404 382 388 413 439 405 406 400 402 422 422 409 387 393 414 438 444 422 441 403 411 451 476 487 503 466 425 439 386 368 347 366 341 367 399 379 381 378 396 368 392 395 365 351 10
111 883081 54 0 0 0 0 0 0 439 419 433 427 432 418 437 437 417 422 404 407 398 390 380 383 335 366 378 361 378 384 424 385 398 403 378 409 453 446 414 438 444 433 405 411 375 395 371 384 395 380 352 343 344 345 337 335 10
112 771751 54 0 0 0 0 0 0 382 388 376 387 383 370 370 358 349 342 338 336 334 339 340 338 350 319 333 345 360 348 344 345 366 366 374 373 373 411 397 405 395 380 361 384 360 399 416 397 394 415 407 419 400 425 422 410 10
113 987521 54 0 0 0 0 0 0 209 228 216 215 235 220 215 234 224 230 228 222 222 214 233 230 220 211 225 222 224 223 224 218 207 227 242 249 257 264 264 253 258 240 249 239 226 225 214 220 207 206 207 193 194 201 180 178 10
114 766441 54 0 0 0 0 0 0 247 263 238 258 259 261 275 252 266 272 267 254 261 281 279 274 260 254 254 250 252 248 258 258 235 249 256 262 280 268 281 250 264 249 270 265 272 258 255 251 276 260 274 266 230 201 202 210 10
115 819531 54 0 0 0 0 0 0 72 78 72 77 76 77 67 74 70 72 75 77 67 76 70 72 67 69 66 67 69 69 65 65 59 72 63 73 71 74 70 77 75 70 76 80 80 80 77 73 76 72 75 82 77 76 61 63 10
116 922852 54 0 0 0 0 0 0 264 263 283 307 291 306 306 334 329 346 349 342 326 327 343 331 332 334 322 348 335 327 333 334 342 309 338 327 334 305 290 311 317 317 301 310 328 315 315 302 318 314 315 315 315 316 310 311 10
117 1045021 54 0 0 0 0 0 0 180 177 177 191 208 194 199 203 233 224 237 255 250 237 254 272 255 249 264 256 257 262 263 259 254 252 251 256 255 247 246 246 253 249 247 237 246 239 238 248 229 232 223 199 214 203 199 198 10